-0.00593156 0 0
-0.00593136 -2.82612e-05 0
-0.00593098 -5.65198e-05 0
-0.0059304 -8.47741e-05 0
-0.00592965 -0.000113023 0
-0.00592871 -0.000141264 0
-0.00592759 -0.000169496 0
-0.00592628 -0.000197717 0
-0.00592479 -0.000225927 0
-0.00592311 -0.000254122 0
-0.00592125 -0.000282302 0
-0.00591921 -0.000310466 0
-0.00591698 -0.000338611 0
-0.00591457 -0.000366735 0
-0.00591198 -0.000394838 0
-0.0059092 -0.000422918 0
-0.00590624 -0.000450973 0
-0.0059031 -0.000479002 0
-0.00589978 -0.000507003 0
-0.00589628 -0.000534974 0
-0.00589259 -0.000562915 0
-0.00588873 -0.000590822 0
-0.00588468 -0.000618696 0
-0.00588046 -0.000646534 0
-0.00587605 -0.000674335 0
-0.00587147 -0.000702097 0
-0.0058667 -0.000729819 0
-0.00586176 -0.0007575 0
-0.00585664 -0.000785137 0
-0.00585134 -0.000812729 0
-0.00584587 -0.000840275 0
-0.00584022 -0.000867773 0
-0.00583439 -0.000895223 0
-0.00582839 -0.000922621 0
-0.00582221 -0.000949967 0
-0.00581586 -0.00097726 0
-0.00580933 -0.0010045 0
-0.00580264 -0.00103168 0
-0.00579577 -0.0010588 0
-0.00578873 -0.00108587 0
-0.00578151 -0.00111287 0
-0.00577413 -0.00113981 0
-0.00576658 -0.00116669 0
-0.00575885 -0.0011935 0
-0.00575096 -0.00122025 0
-0.00574291 -0.00124692 0
-0.00573468 -0.00127353 0
-0.00572629 -0.00130007 0
-0.00571774 -0.00132654 0
-0.00570902 -0.00135293 0
-0.00570013 -0.00137925 0
-0.00569108 -0.0014055 0
-0.00568188 -0.00143166 0
-0.0056725 -0.00145775 0
-0.00566297 -0.00148376 0
-0.00565328 -0.00150969 0
-0.00564344 -0.00153553 0
-0.00563343 -0.00156129 0
-0.00562327 -0.00158697 0
-0.00561295 -0.00161256 0
-0.00560247 -0.00163807 0
-0.00559184 -0.00166348 0
-0.00558106 -0.00168881 0
-0.00557013 -0.00171405 0
-0.00555905 -0.00173919 0
-0.00554781 -0.00176424 0
-0.00553643 -0.0017892 0
-0.0055249 -0.00181406 0
-0.00551322 -0.00183883 0
-0.00550139 -0.0018635 0
-0.00548942 -0.00188807 0
-0.00547731 -0.00191254 0
-0.00546505 -0.00193691 0
-0.00545265 -0.00196118 0
-0.00544011 -0.00198534 0
-0.00542743 -0.0020094 0
-0.00541461 -0.00203336 0
-0.00540166 -0.00205721 0
-0.00538856 -0.00208096 0
-0.00537534 -0.00210459 0
-0.00536198 -0.00212812 0
-0.00534848 -0.00215154 0
-0.00533485 -0.00217485 0
-0.0053211 -0.00219804 0
-0.00530721 -0.00222113 0
-0.00529319 -0.0022441 0
-0.00527905 -0.00226696 0
-0.00526478 -0.0022897 0
-0.00525039 -0.00231233 0
-0.00523587 -0.00233484 0
-0.00522123 -0.00235723 0
-0.00520647 -0.00237951 0
-0.00519159 -0.00240166 0
-0.00517659 -0.0024237 0
-0.00516147 -0.00244561 0
-0.00514624 -0.00246741 0
-0.00513089 -0.00248908 0
-0.00511542 -0.00251063 0
-0.00509985 -0.00253206 0
-0.00508416 -0.00255336 0
-0.00506836 -0.00257454 0
-0.00505245 -0.0025956 0
-0.00503644 -0.00261652 0
-0.00502032 -0.00263732 0
-0.00500409 -0.002658 0
-0.00498776 -0.00267854 0
-0.00497132 -0.00269896 0
-0.00495479 -0.00271925 0
-0.00493815 -0.00273941 0
-0.00492142 -0.00275944 0
-0.00490459 -0.00277934 0
-0.00488766 -0.00279911 0
-0.00487064 -0.00281875 0
-0.00485352 -0.00283826 0
-0.00483631 -0.00285763 0
-0.00481901 -0.00287687 0
-0.00480162 -0.00289598 0
-0.00478414 -0.00291495 0
-0.00476658 -0.00293379 0
-0.00474892 -0.0029525 0
-0.00473119 -0.00297107 0
-0.00471336 -0.0029895 0
-0.00469546 -0.0030078 0
-0.00467748 -0.00302597 0
-0.00465941 -0.003044 0
-0.00464127 -0.00306189 0
-0.00462305 -0.00307965 0
-0.00460476 -0.00309727 0
-0.00458639 -0.00311475 0
-0.00456794 -0.00313209 0
-0.00454943 -0.0031493 0
-0.00453084 -0.00316637 0
-0.00451219 -0.0031833 0
-0.00449346 -0.00320009 0
-0.00447467 -0.00321675 0
-0.00445581 -0.00323326 0
-0.00443689 -0.00324964 0
-0.00441791 -0.00326588 0
-0.00439886 -0.00328198 0
-0.00437976 -0.00329794 0
-0.00436059 -0.00331376 0
-0.00434137 -0.00332944 0
-0.00432209 -0.00334498 0
-0.00430275 -0.00336038 0
-0.00428336 -0.00337565 0
-0.00426392 -0.00339077 0
-0.00424442 -0.00340575 0
-0.00422487 -0.0034206 0
-0.00420528 -0.0034353 0
-0.00418563 -0.00344987 0
-0.00416594 -0.0034643 0
-0.0041462 -0.00347858 0
-0.00412642 -0.00349273 0
-0.0041066 -0.00350674 0
-0.00408673 -0.00352061 0
-0.00406682 -0.00353434 0
-0.00404687 -0.00354793 0
-0.00402688 -0.00356138 0
-0.00400686 -0.00357469 0
-0.00398679 -0.00358786 0
-0.0039667 -0.0036009 0
-0.00394657 -0.0036138 0
-0.0039264 -0.00362656 0
-0.00390621 -0.00363918 0
-0.00388598 -0.00365166 0
-0.00386573 -0.003664 0
-0.00384544 -0.00367621 0
-0.00382513 -0.00368828 0
-0.00380479 -0.00370021 0
-0.00378443 -0.00371201 0
-0.00376404 -0.00372367 0
-0.00374363 -0.00373519 0
-0.0037232 -0.00374657 0
-0.00370275 -0.00375782 0
-0.00368228 -0.00376894 0
-0.00366179 -0.00377992 0
-0.00364128 -0.00379076 0
-0.00362075 -0.00380147 0
-0.00360022 -0.00381205 0
-0.00357966 -0.00382249 0
-0.00355909 -0.0038328 0
-0.00353851 -0.00384297 0
-0.00351792 -0.00385301 0
-0.00349732 -0.00386292 0
-0.00347671 -0.00387269 0
-0.00345609 -0.00388234 0
-0.00343547 -0.00389185 0
-0.00341483 -0.00390123 0
-0.0033942 -0.00391048 0
-0.00337355 -0.0039196 0
-0.00335291 -0.00392859 0
-0.00333226 -0.00393745 0
-0.00331161 -0.00394618 0
-0.00329096 -0.00395478 0
-0.00327031 -0.00396325 0
-0.00324966 -0.00397159 0
-0.00322901 -0.00397981 0
-0.00320837 -0.0039879 0
-0.00318773 -0.00399586 0
-0.00316709 -0.0040037 0
-0.00314646 -0.00401141 0
-0.00312584 -0.004019 0
-0.00310522 -0.00402646 0
-0.00308462 -0.0040338 0
-0.00306402 -0.00404101 0
-0.00304343 -0.0040481 0
-0.00302285 -0.00405507 0
-0.00300229 -0.00406191 0
-0.00298173 -0.00406864 0
-0.00296119 -0.00407524 0
-0.00294066 -0.00408172 0
-0.00292015 -0.00408808 0
-0.00289966 -0.00409432 0
-0.00287918 -0.00410044 0
-0.00285871 -0.00410645 0
-0.00283827 -0.00411233 0
-0.00281784 -0.0041181 0
-0.00279743 -0.00412375 0
-0.00277705 -0.00412928 0
-0.00275668 -0.0041347 0
-0.00273634 -0.00414001 0
-0.00271601 -0.00414519 0
-0.00269571 -0.00415027 0
-0.00267544 -0.00415523 0
-0.00265518 -0.00416008 0
-0.00263496 -0.00416481 0
-0.00261475 -0.00416943 0
-0.00259458 -0.00417395 0
-0.00257443 -0.00417835 0
-0.00255431 -0.00418264 0
-0.00253422 -0.00418682 0
-0.00251415 -0.00419089 0
-0.00249412 -0.00419486 0
-0.00247411 -0.00419871 0
-0.00245414 -0.00420246 0
-0.00243419 -0.0042061 0
-0.00241428 -0.00420964 0
-0.0023944 -0.00421307 0
-0.00237456 -0.0042164 0
-0.00235475 -0.00421962 0
-0.00233497 -0.00422274 0
-0.00231522 -0.00422575 0
-0.00229551 -0.00422867 0
-0.00227584 -0.00423148 0
-0.0022562 -0.00423419 0
-0.0022366 -0.0042368 0
-0.00221704 -0.00423931 0
-0.00219751 -0.00424172 0
-0.00217803 -0.00424403 0
-0.00215858 -0.00424625 0
-0.00213917 -0.00424837 0
-0.0021198 -0.00425039 0
-0.00210047 -0.00425231 0
-0.00208118 -0.00425414 0
-0.00206193 -0.00425587 0
-0.00204272 -0.00425751 0
-0.00202356 -0.00425906 0
-0.00200443 -0.00426051 0
-0.00198535 -0.00426188 0
-0.00196631 -0.00426314 0
-0.00194732 -0.00426432 0
-0.00192837 -0.00426541 0
-0.00190946 -0.00426641 0
-0.0018906 -0.00426732 0
-0.00187179 -0.00426814 0
-0.00185302 -0.00426887 0
-0.00183429 -0.00426951 0
-0.00181561 -0.00427007 0
-0.00179698 -0.00427054 0
-0.00177839 -0.00427093 0
-0.00175985 -0.00427123 0
-0.00174136 -0.00427145 0
-0.00172292 -0.00427158 0
-0.00170452 -0.00427163 0
-0.00168618 -0.0042716 0
-0.00166788 -0.00427149 0
-0.00164963 -0.00427129 0
-0.00163143 -0.00427102 0
-0.00161328 -0.00427066 0
-0.00159518 -0.00427023 0
-0.00157713 -0.00426972 0
-0.00155913 -0.00426912 0
-0.00154118 -0.00426846 0
-0.00152328 -0.00426771 0
-0.00150543 -0.00426689 0
-0.00148764 -0.00426599 0
-0.00146989 -0.00426502 0
-0.0014522 -0.00426397 0
-0.00143456 -0.00426285 0
-0.00141697 -0.00426166 0
-0.00139944 -0.00426039 0
-0.00138195 -0.00425906 0
-0.00136452 -0.00425765 0
-0.00134715 -0.00425617 0
-0.00132982 -0.00425462 0
-0.00131255 -0.004253 0
-0.00129534 -0.00425131 0
-0.00127817 -0.00424955 0
-0.00126107 -0.00424772 0
-0.00124401 -0.00424583 0
-0.00122701 -0.00424387 0
-0.00121007 -0.00424185 0
-0.00119318 -0.00423976 0
-0.00117634 -0.0042376 0
-0.00115956 -0.00423538 0
-0.00114283 -0.0042331 0
-0.00112616 -0.00423075 0
-0.00110955 -0.00422834 0
-0.00109299 -0.00422587 0
-0.00107648 -0.00422333 0
-0.00106003 -0.00422074 0
-0.00104364 -0.00421809 0
-0.0010273 -0.00421537 0
-0.00101102 -0.0042126 0
-0.000994797 -0.00420976 0
-0.000978628 -0.00420687 0
-0.000962515 -0.00420392 0
-0.000946458 -0.00420092 0
-0.000930458 -0.00419786 0
-0.000914515 -0.00419474 0
-0.000898627 -0.00419156 0
-0.000882797 -0.00418834 0
-0.000867023 -0.00418505 0
-0.000851306 -0.00418172 0
-0.000835645 -0.00417833 0
-0.000820042 -0.00417488 0
-0.000804495 -0.00417139 0
-0.000789005 -0.00416784 0
-0.000773572 -0.00416424 0
-0.000758196 -0.00416059 0
-0.000742877 -0.00415689 0
-0.000727615 -0.00415314 0
-0.00071241 -0.00414935 0
-0.000697261 -0.0041455 0
-0.00068217 -0.0041416 0
-0.000667136 -0.00413766 0
-0.00065216 -0.00413367 0
-0.00063724 -0.00412963 0
-0.000622377 -0.00412555 0
-0.000607571 -0.00412142 0
-0.000592822 -0.00411725 0
-0.000578131 -0.00411303 0
-0.000563496 -0.00410877 0
-0.000548919 -0.00410446 0
-0.000534398 -0.00410011 0
-0.000519934 -0.00409572 0
-0.000505528 -0.00409128 0
-0.000491178 -0.0040868 0
-0.000476885 -0.00408229 0
-0.000462649 -0.00407773 0
-0.00044847 -0.00407312 0
-0.000434347 -0.00406848 0
-0.000420282 -0.0040638 0
-0.000406273 -0.00405909 0
-0.00039232 -0.00405433 0
-0.000378425 -0.00404953 0
-0.000364586 -0.0040447 0
-0.000350803 -0.00403983 0
-0.000337077 -0.00403492 0
-0.000323407 -0.00402997 0
-0.000309793 -0.00402499 0
-0.000296236 -0.00401997 0
-0.000282734 -0.00401492 0
-0.000269289 -0.00400983 0
-0.0002559 -0.00400471 0
-0.000242567 -0.00399956 0
-0.00022929 -0.00399437 0
-0.000216068 -0.00398915 0
-0.000202903 -0.00398389 0
-0.000189793 -0.0039786 0
-0.000176738 -0.00397329 0
-0.000163739 -0.00396794 0
-0.000150795 -0.00396255 0
-0.000137907 -0.00395714 0
-0.000125074 -0.0039517 0
-0.000112296 -0.00394622 0
-9.95727e-05 -0.00394072 0
-8.69045e-05 -0.00393519 0
-7.42911e-05 -0.00392963 0
-6.17324e-05 -0.00392404 0
-4.92283e-05 -0.00391842 0
-3.67788e-05 -0.00391278 0
-2.43836e-05 -0.00390711 0
-1.20426e-05 -0.00390141 0
2.44115e-07 -0.00389568 0
1.24768e-05 -0.00388993 0
2.46556e-05 -0.00388415 0
3.67805e-05 -0.00387835 0
4.88517e-05 -0.00387252 0
6.08693e-05 -0.00386667 0
7.28335e-05 -0.00386079 0
8.47443e-05 -0.00385489 0
9.66018e-05 -0.00384896 0
0.000108406 -0.00384301 0
0.000120158 -0.00383704 0
0.000131856 -0.00383104 0
0.000143502 -0.00382503 0
0.000155095 -0.00381899 0
0.000166636 -0.00381293 0
0.000178125 -0.00380684 0
0.000189561 -0.00380074 0
0.000200945 -0.00379461 0
0.000212277 -0.00378847 0
0.000223558 -0.0037823 0
0.000234787 -0.00377612 0
0.000245964 -0.00376991 0
0.00025709 -0.00376369 0
0.000268164 -0.00375745 0
0.000279188 -0.00375118 0
0.00029016 -0.0037449 0
0.000301082 -0.00373861 0
0.000311953 -0.00373229 0
0.000322773 -0.00372596 0
0.000333543 -0.00371961 0
0.000344263 -0.00371324 0
0.000354932 -0.00370685 0
0.000365552 -0.00370045 0
0.000376122 -0.00369404 0
0.000386642 -0.00368761 0
0.000397113 -0.00368116 0
0.000407534 -0.00367469 0
0.000417906 -0.00366822 0
0.000428229 -0.00366172 0
0.000438503 -0.00365522 0
0.000448729 -0.0036487 0
0.000458905 -0.00364216 0
0.000469034 -0.00363561 0
0.000479114 -0.00362905 0
0.000489146 -0.00362248 0
0.000499129 -0.00361589 0
0.000509065 -0.00360929 0
0.000518954 -0.00360268 0
0.000528795 -0.00359605 0
0.000538588 -0.00358941 0
0.000548334 -0.00358277 0
0.000558034 -0.00357611 0
0.000567686 -0.00356944 0
0.000577291 -0.00356275 0
0.00058685 -0.00355606 0
0.000596363 -0.00354936 0
0.000605829 -0.00354264 0
0.00061525 -0.00353592 0
0.000624624 -0.00352919 0
0.000633953 -0.00352245 0
0.000643236 -0.00351569 0
0.000652473 -0.00350893 0
0.000661665 -0.00350216 0
0.000670812 -0.00349539 0
0.000679914 -0.0034886 0
0.000688972 -0.0034818 0
0.000697985 -0.003475 0
0.000706953 -0.00346819 0
0.000715877 -0.00346137 0
0.000724756 -0.00345454 0
0.000733592 -0.00344771 0
0.000742384 -0.00344087 0
0.000751132 -0.00343402 0
0.000759837 -0.00342717 0
0.000768499 -0.00342031 0
0.000777117 -0.00341344 0
0.000785692 -0.00340657 0
0.000794225 -0.00339969 0
0.000802714 -0.00339281 0
0.000811162 -0.00338592 0
0.000819567 -0.00337902 0
0.000827929 -0.00337212 0
0.00083625 -0.00336521 0
0.000844529 -0.0033583 0
0.000852766 -0.00335139 0
0.000860961 -0.00334447 0
0.000869116 -0.00333755 0
0.000877229 -0.00333062 0
0.000885301 -0.00332369 0
0.000893332 -0.00331675 0
0.000901322 -0.00330981 0
0.000909272 -0.00330287 0
0.000917181 -0.00329592 0
0.00092505 -0.00328897 0
0.00093288 -0.00328202 0
0.000940669 -0.00327507 0
0.000948418 -0.00326811 0
0.000956128 -0.00326115 0
0.000963799 -0.00325419 0
0.00097143 -0.00324722 0
0.000979022 -0.00324026 0
0.000986575 -0.00323329 0
0.00099409 -0.00322632 0
0.00100157 -0.00321935 0
0.001009 -0.00321237 0
0.0010164 -0.0032054 0
0.00102376 -0.00319842 0
0.00103109 -0.00319144 0
0.00103837 -0.00318446 0
0.00104562 -0.00317749 0
0.00105283 -0.00317051 0
0.00106 -0.00316353 0
0.00106714 -0.00315654 0
0.00107424 -0.00314956 0
0.0010813 -0.00314258 0
0.00108832 -0.0031356 0
0.00109531 -0.00312862 0
0.00110226 -0.00312164 0
0.00110918 -0.00311466 0
0.00111606 -0.00310768 0
0.0011229 -0.0031007 0
0.00112971 -0.00309372 0
0.00113648 -0.00308674 0
0.00114322 -0.00307976 0
0.00114992 -0.00307279 0
0.00115659 -0.00306581 0
0.00116322 -0.00305884 0
0.00116982 -0.00305186 0
0.00117638 -0.00304489 0
0.00118291 -0.00303792 0
0.0011894 -0.00303095 0
0.00119586 -0.00302399 0
0.00120228 -0.00301702 0
0.00120868 -0.00301006 0
0.00121503 -0.0030031 0
0.00122136 -0.00299614 0
0.00122765 -0.00298919 0
0.0012339 -0.00298223 0
0.00124013 -0.00297528 0
0.00124632 -0.00296833 0
0.00125248 -0.00296139 0
0.0012586 -0.00295444 0
0.0012647 -0.0029475 0
0.00127076 -0.00294056 0
0.00127679 -0.00293363 0
0.00128278 -0.0029267 0
0.00128875 -0.00291977 0
0.00129468 -0.00291284 0
0.00130058 -0.00290592 0
0.00130645 -0.002899 0
0.00131229 -0.00289209 0
0.00131809 -0.00288518 0
0.00132387 -0.00287827 0
0.00132961 -0.00287137 0
0.00133533 -0.00286447 0
0.00134101 -0.00285757 0
0.00134666 -0.00285068 0
0.00135228 -0.00284379 0
0.00135788 -0.00283691 0
0.00136344 -0.00283003 0
0.00136897 -0.00282315 0
0.00137447 -0.00281628 0
0.00137995 -0.00280941 0
0.00138539 -0.00280255 0
0.0013908 -0.00279569 0
0.00139619 -0.00278884 0
0.00140154 -0.00278199 0
0.00140687 -0.00277515 0
0.00141217 -0.00276831 0
0.00141744 -0.00276147 0
0.00142268 -0.00275465 0
0.00142789 -0.00274782 0
0.00143307 -0.002741 0
0.00143823 -0.00273419 0
0.00144335 -0.00272738 0
0.00144845 -0.00272058 0
0.00145353 -0.00271378 0
0.00145857 -0.00270698 0
0.00146359 -0.0027002 0
0.00146858 -0.00269341 0
0.00147354 -0.00268664 0
0.00147847 -0.00267987 0
0.00148338 -0.0026731 0
0.00148826 -0.00266634 0
0.00149312 -0.00265959 0
0.00149795 -0.00265284 0
0.00150275 -0.0026461 0
0.00150752 -0.00263936 0
0.00151227 -0.00263263 0
0.00151699 -0.0026259 0
0.00152169 -0.00261919 0
0.00152636 -0.00261247 0
0.00153101 -0.00260577 0
0.00153563 -0.00259907 0
0.00154022 -0.00259237 0
0.00154479 -0.00258568 0
0.00154934 -0.002579 0
0.00155386 -0.00257233 0
0.00155835 -0.00256566 0
0.00156282 -0.00255899 0
0.00156727 -0.00255234 0
0.00157169 -0.00254569 0
0.00157608 -0.00253904 0
0.00158045 -0.00253241 0
0.0015848 -0.00252578 0
0.00158912 -0.00251915 0
0.00159342 -0.00251254 0
0.0015977 -0.00250593 0
0.00160195 -0.00249932 0
0.00160618 -0.00249273 0
0.00161038 -0.00248614 0
0.00161456 -0.00247955 0
0.00161872 -0.00247298 0
0.00162286 -0.00246641 0
0.00162697 -0.00245984 0
0.00163106 -0.00245329 0
0.00163512 -0.00244674 0
0.00163917 -0.0024402 0
0.00164319 -0.00243366 0
0.00164719 -0.00242713 0
0.00165116 -0.00242061 0
0.00165512 -0.0024141 0
0.00165905 -0.00240759 0
0.00166296 -0.00240109 0
0.00166684 -0.0023946 0
0.00167071 -0.00238812 0
0.00167456 -0.00238164 0
0.00167838 -0.00237517 0
0.00168218 -0.0023687 0
0.00168596 -0.00236225 0
0.00168972 -0.0023558 0
0.00169346 -0.00234936 0
0.00169717 -0.00234292 0
0.00170087 -0.0023365 0
0.00170454 -0.00233008 0
0.0017082 -0.00232366 0
0.00171183 -0.00231726 0
0.00171544 -0.00231086 0
0.00171904 -0.00230447 0
0.00172261 -0.00229809 0
0.00172616 -0.00229172 0
0.00172969 -0.00228535 0
0.0017332 -0.00227899 0
0.0017367 -0.00227264 0
0.00174017 -0.00226629 0
0.00174362 -0.00225996 0
0.00174705 -0.00225363 0
0.00175047 -0.0022473 0
0.00175386 -0.00224099 0
0.00175724 -0.00223468 0
0.00176059 -0.00222839 0
0.00176393 -0.00222209 0
0.00176725 -0.00221581 0
0.00177055 -0.00220953 0
0.00177383 -0.00220327 0
0.00177709 -0.00219701 0
0.00178033 -0.00219075 0
0.00178355 -0.00218451 0
0.00178676 -0.00217827 0
0.00178995 -0.00217204 0
0.00179312 -0.00216582 0
0.00179627 -0.0021596 0
0.0017994 -0.0021534 0
0.00180251 -0.0021472 0
0.00180561 -0.00214101 0
0.00180869 -0.00213482 0
0.00181175 -0.00212865 0
0.0018148 -0.00212248 0
0.00181782 -0.00211632 0
0.00182083 -0.00211017 0
0.00182383 -0.00210402 0
0.0018268 -0.00209789 0
0.00182976 -0.00209176 0
0.0018327 -0.00208564 0
0.00183562 -0.00207952 0
0.00183853 -0.00207342 0
0.00184142 -0.00206732 0
0.00184429 -0.00206123 0
0.00184715 -0.00205515 0
0.00184999 -0.00204908 0
0.00185281 -0.00204301 0
0.00185562 -0.00203695 0
0.00185841 -0.0020309 0
0.00186118 -0.00202486 0
0.00186394 -0.00201882 0
0.00186669 -0.0020128 0
0.00186941 -0.00200678 0
0.00187212 -0.00200076 0
0.00187482 -0.00199476 0
0.0018775 -0.00198877 0
0.00188016 -0.00198278 0
0.00188281 -0.0019768 0
0.00188544 -0.00197083 0
0.00188806 -0.00196486 0
0.00189066 -0.0019589 0
0.00189325 -0.00195296 0
0.00189582 -0.00194701 0
0.00189838 -0.00194108 0
0.00190092 -0.00193516 0
0.00190345 -0.00192924 0
0.00190596 -0.00192333 0
0.00190846 -0.00191743 0
0.00191094 -0.00191153 0
0.00191341 -0.00190565 0
0.00191586 -0.00189977 0
0.0019183 -0.0018939 0
0.00192072 -0.00188803 0
0.00192314 -0.00188218 0
0.00192553 -0.00187633 0
0.00192791 -0.00187049 0
0.00193028 -0.00186466 0
0.00193264 -0.00185883 0
0.00193498 -0.00185302 0
0.0019373 -0.00184721 0
0.00193961 -0.00184141 0
0.00194191 -0.00183561 0
0.0019442 -0.00182983 0
0.00194647 -0.00182405 0
0.00194873 -0.00181828 0
0.00195097 -0.00181252 0
0.0019532 -0.00180676 0
0.00195542 -0.00180102 0
0.00195763 -0.00179528 0
0.00195982 -0.00178954 0
0.001962 -0.00178382 0
0.00196416 -0.0017781 0
0.00196632 -0.00177239 0
0.00196846 -0.00176669 0
0.00197058 -0.001761 0
0.0019727 -0.00175531 0
0.0019748 -0.00174963 0
0.00197689 -0.00174396 0
0.00197896 -0.0017383 0
0.00198103 -0.00173264 0
0.00198308 -0.001727 0
0.00198512 -0.00172136 0
0.00198714 -0.00171572 0
0.00198916 -0.0017101 0
0.00199116 -0.00170448 0
0.00199315 -0.00169887 0
0.00199513 -0.00169326 0
0.0019971 -0.00168767 0
0.00199905 -0.00168208 0
0.00200099 -0.0016765 0
0.00200292 -0.00167093 0
0.00200484 -0.00166536 0
0.00200675 -0.0016598 0
0.00200865 -0.00165425 0
0.00201053 -0.00164871 0
0.0020124 -0.00164317 0
0.00201427 -0.00163764 0
0.00201612 -0.00163212 0
0.00201795 -0.00162661 0
0.00201978 -0.0016211 0
0.0020216 -0.0016156 0
0.0020234 -0.00161011 0
0.0020252 -0.00160462 0
0.00202698 -0.00159914 0
0.00202875 -0.00159367 0
0.00203051 -0.00158821 0
0.00203227 -0.00158276 0
0.002034 -0.00157731 0
0.00203573 -0.00157186 0
0.00203745 -0.00156643 0
0.00203916 -0.001561 0
0.00204086 -0.00155558 0
0.00204254 -0.00155017 0
0.00204422 -0.00154476 0
0.00204589 -0.00153937 0
0.00204754 -0.00153397 0
0.00204919 -0.00152859 0
0.00205082 -0.00152321 0
0.00205245 -0.00151784 0
0.00205406 -0.00151248 0
0.00205566 -0.00150712 0
0.00205726 -0.00150177 0
0.00205884 -0.00149643 0
0.00206042 -0.0014911 0
0.00206198 -0.00148577 0
0.00206354 -0.00148045 0
0.00206508 -0.00147513 0
0.00206662 -0.00146982 0
0.00206814 -0.00146452 0
0.00206966 -0.00145923 0
0.00207117 -0.00145394 0
0.00207266 -0.00144866 0
0.00207415 -0.00144339 0
0.00207563 -0.00143812 0
0.0020771 -0.00143286 0
0.00207856 -0.00142761 0
0.00208001 -0.00142237 0
0.00208145 -0.00141713 0
0.00208288 -0.00141189 0
0.0020843 -0.00140667 0
0.00208571 -0.00140145 0
0.00208712 -0.00139624 0
0.00208851 -0.00139103 0
0.0020899 -0.00138583 0
0.00209128 -0.00138064 0
0.00209265 -0.00137546 0
0.00209401 -0.00137028 0
0.00209536 -0.0013651 0
0.0020967 -0.00135994 0
0.00209803 -0.00135478 0
0.00209936 -0.00134963 0
0.00210068 -0.00134448 0
0.00210198 -0.00133934 0
0.00210328 -0.00133421 0
0.00210457 -0.00132908 0
0.00210586 -0.00132396 0
0.00210713 -0.00131884 0
0.0021084 -0.00131374 0
0.00210965 -0.00130864 0
0.0021109 -0.00130354 0
0.00211214 -0.00129845 0
0.00211338 -0.00129337 0
0.0021146 -0.00128829 0
0.00211582 -0.00128322 0
0.00211703 -0.00127816 0
0.00211823 -0.0012731 0
0.00211942 -0.00126805 0
0.00212061 -0.00126301 0
0.00212178 -0.00125797 0
0.00212295 -0.00125294 0
0.00212411 -0.00124791 0
0.00212527 -0.00124289 0
0.00212641 -0.00123788 0
0.00212755 -0.00123287 0
0.00212868 -0.00122787 0
0.0021298 -0.00122287 0
0.00213092 -0.00121788 0
0.00213203 -0.0012129 0
0.00213313 -0.00120792 0
0.00213422 -0.00120295 0
0.00213531 -0.00119799 0
0.00213638 -0.00119303 0
0.00213745 -0.00118807 0
0.00213852 -0.00118313 0
0.00213957 -0.00117819 0
0.00214062 -0.00117325 0
0.00214166 -0.00116832 0
0.0021427 -0.0011634 0
0.00214373 -0.00115848 0
0.00214475 -0.00115357 0
0.00214576 -0.00114866 0
0.00214677 -0.00114376 0
0.00214776 -0.00113886 0
0.00214876 -0.00113397 0
0.00214974 -0.00112909 0
0.00215072 -0.00112421 0
0.00215169 -0.00111934 0
0.00215266 -0.00111447 0
0.00215362 -0.00110961 0
0.00215457 -0.00110476 0
0.00215551 -0.00109991 0
0.00215645 -0.00109506 0
0.00215738 -0.00109023 0
0.00215831 -0.00108539 0
0.00215922 -0.00108057 0
0.00216013 -0.00107574 0
0.00216104 -0.00107093 0
0.00216194 -0.00106612 0
0.00216283 -0.00106131 0
0.00216372 -0.00105651 0
0.0021646 -0.00105172 0
0.00216547 -0.00104693 0
0.00216633 -0.00104214 0
0.0021672 -0.00103736 0
0.00216805 -0.00103259 0
0.0021689 -0.00102782 0
0.00216974 -0.00102306 0
0.00217057 -0.0010183 0
0.0021714 -0.00101355 0
0.00217223 -0.0010088 0
0.00217304 -0.00100406 0
0.00217385 -0.000999323 0
0.00217466 -0.000994592 0
0.00217546 -0.000989865 0
0.00217625 -0.000985144 0
0.00217704 -0.000980428 0
0.00217782 -0.000975717 0
0.00217859 -0.000971011 0
0.00217936 -0.00096631 0
0.00218013 -0.000961614 0
0.00218088 -0.000956923 0
0.00218164 -0.000952237 0
0.00218238 -0.000947556 0
0.00218312 -0.00094288 0
0.00218386 -0.000938209 0
0.00218459 -0.000933542 0
0.00218531 -0.000928881 0
0.00218603 -0.000924224 0
0.00218674 -0.000919573 0
0.00218745 -0.000914926 0
0.00218815 -0.000910284 0
0.00218884 -0.000905647 0
0.00218953 -0.000901014 0
0.00219022 -0.000896386 0
0.0021909 -0.000891763 0
0.00219157 -0.000887145 0
0.00219224 -0.000882531 0
0.0021929 -0.000877922 0
0.00219356 -0.000873318 0
0.00219421 -0.000868718 0
0.00219486 -0.000864123 0
0.0021955 -0.000859532 0
0.00219614 -0.000854946 0
0.00219677 -0.000850365 0
0.0021974 -0.000845788 0
0.00219802 -0.000841216 0
0.00219863 -0.000836648 0
0.00219924 -0.000832084 0
0.00219985 -0.000827525 0
0.00220045 -0.00082297 0
0.00220104 -0.00081842 0
0.00220163 -0.000813874 0
0.00220222 -0.000809333 0
0.0022028 -0.000804796 0
0.00220338 -0.000800263 0
0.00220395 -0.000795734 0
0.00220451 -0.00079121 0
0.00220507 -0.00078669 0
0.00220563 -0.000782174 0
0.00220618 -0.000777662 0
0.00220673 -0.000773155 0
0.00220727 -0.000768652 0
0.0022078 -0.000764153 0
0.00220834 -0.000759658 0
0.00220886 -0.000755167 0
0.00220938 -0.00075068 0
0.0022099 -0.000746197 0
0.00221041 -0.000741719 0
0.00221092 -0.000737244 0
0.00221143 -0.000732774 0
0.00221193 -0.000728307 0
0.00221242 -0.000723844 0
0.00221291 -0.000719386 0
0.00221339 -0.000714931 0
0.00221387 -0.00071048 0
0.00221435 -0.000706033 0
0.00221482 -0.00070159 0
0.00221529 -0.000697151 0
0.00221575 -0.000692716 0
0.00221621 -0.000688284 0
0.00221666 -0.000683856 0
0.00221711 -0.000679433 0
0.00221756 -0.000675012 0
0.002218 -0.000670596 0
0.00221843 -0.000666183 0
0.00221887 -0.000661774 0
0.00221929 -0.000657368 0
0.00221972 -0.000652967 0
0.00222013 -0.000648568 0
0.00222055 -0.000644174 0
0.00222096 -0.000639783 0
0.00222136 -0.000635396 0
0.00222177 -0.000631012 0
0.00222216 -0.000626631 0
0.00222256 -0.000622255 0
0.00222295 -0.000617881 0
0.00222333 -0.000613511 0
0.00222371 -0.000609145 0
0.00222409 -0.000604782 0
0.00222446 -0.000600423 0
0.00222483 -0.000596066 0
0.00222519 -0.000591714 0
0.00222555 -0.000587364 0
0.00222591 -0.000583018 0
0.00222626 -0.000578675 0
0.00222661 -0.000574336 0
0.00222695 -0.000569999 0
0.00222729 -0.000565666 0
0.00222763 -0.000561337 0
0.00222796 -0.00055701 0
0.00222829 -0.000552687 0
0.00222861 -0.000548366 0
0.00222893 -0.000544049 0
0.00222925 -0.000539735 0
0.00222956 -0.000535425 0
0.00222987 -0.000531117 0
0.00223018 -0.000526812 0
0.00223048 -0.00052251 0
0.00223077 -0.000518212 0
0.00223107 -0.000513916 0
0.00223136 -0.000509624 0
0.00223164 -0.000505334 0
0.00223193 -0.000501047 0
0.0022322 -0.000496764 0
0.00223248 -0.000492483 0
0.00223275 -0.000488205 0
0.00223301 -0.00048393 0
0.00223328 -0.000479657 0
0.00223354 -0.000475388 0
0.00223379 -0.000471121 0
0.00223404 -0.000466857 0
0.00223429 -0.000462596 0
0.00223454 -0.000458338 0
0.00223478 -0.000454083 0
0.00223502 -0.00044983 0
0.00223525 -0.00044558 0
0.00223548 -0.000441332 0
0.00223571 -0.000437087 0
0.00223593 -0.000432845 0
0.00223615 -0.000428605 0
0.00223636 -0.000424368 0
0.00223658 -0.000420134 0
0.00223679 -0.000415902 0
0.00223699 -0.000411673 0
0.00223719 -0.000407446 0
0.00223739 -0.000403221 0
0.00223759 -0.000399 0
0.00223778 -0.00039478 0
0.00223796 -0.000390563 0
0.00223815 -0.000386348 0
0.00223833 -0.000382136 0
0.00223851 -0.000377926 0
0.00223868 -0.000373719 0
0.00223885 -0.000369514 0
0.00223902 -0.000365311 0
0.00223918 -0.000361111 0
0.00223934 -0.000356912 0
0.0022395 -0.000352716 0
0.00223965 -0.000348523 0
0.0022398 -0.000344331 0
0.00223995 -0.000340142 0
0.00224009 -0.000335955 0
0.00224023 -0.00033177 0
0.00224037 -0.000327587 0
0.0022405 -0.000323406 0
0.00224063 -0.000319227 0
0.00224076 -0.000315051 0
0.00224088 -0.000310876 0
0.002241 -0.000306704 0
0.00224112 -0.000302533 0
0.00224123 -0.000298365 0
0.00224134 -0.000294199 0
0.00224145 -0.000290034 0
0.00224155 -0.000285872 0
0.00224165 -0.000281711 0
0.00224175 -0.000277552 0
0.00224184 -0.000273395 0
0.00224193 -0.00026924 0
0.00224202 -0.000265087 0
0.0022421 -0.000260936 0
0.00224218 -0.000256787 0
0.00224226 -0.000252639 0
0.00224234 -0.000248493 0
0.00224241 -0.000244349 0
0.00224248 -0.000240206 0
0.00224254 -0.000236066 0
0.0022426 -0.000231927 0
0.00224266 -0.000227789 0
0.00224272 -0.000223653 0
0.00224277 -0.000219519 0
0.00224282 -0.000215387 0
0.00224286 -0.000211256 0
0.00224291 -0.000207127 0
0.00224295 -0.000202999 0
0.00224298 -0.000198873 0
0.00224302 -0.000194748 0
0.00224305 -0.000190625 0
0.00224308 -0.000186503 0
0.0022431 -0.000182383 0
0.00224312 -0.000178264 0
0.00224314 -0.000174147 0
0.00224315 -0.000170031 0
0.00224317 -0.000165916 0
0.00224317 -0.000161803 0
0.00224318 -0.000157691 0
0.00224318 -0.00015358 0
0.00224318 -0.000149471 0
0.00224318 -0.000145363 0
0.00224317 -0.000141257 0
0.00224316 -0.000137151 0
0.00224315 -0.000133047 0
0.00224314 -0.000128944 0
0.00224312 -0.000124842 0
0.00224309 -0.000120741 0
0.00224307 -0.000116642 0
0.00224304 -0.000112543 0
0.00224301 -0.000108446 0
0.00224298 -0.00010435 0
0.00224294 -0.000100255 0
0.0022429 -9.61609e-05 0
0.00224286 -9.20679e-05 0
0.00224281 -8.79759e-05 0
0.00224276 -8.38849e-05 0
0.00224271 -7.9795e-05 0
0.00224266 -7.57059e-05 0
0.0022426 -7.16178e-05 0
0.00224254 -6.75307e-05 0
0.00224248 -6.34444e-05 0
0.00224241 -5.9359e-05 0
0.00224234 -5.52745e-05 0
0.00224227 -5.11908e-05 0
0.00224219 -4.7108e-05 0
0.00224211 -4.3026e-05 0
0.00224203 -3.89447e-05 0
0.00224195 -3.48643e-05 0
0.00224186 -3.07845e-05 0
0.00224177 -2.67056e-05 0
0.00224167 -2.26273e-05 0
0.00224158 -1.85497e-05 0
0.00224148 -1.44728e-05 0
0.00224138 -1.03966e-05 0
0.00224127 -6.32098e-06 0
0.00224116 -2.246e-06 0
0.00224105 1.82838e-06 0
0.00224094 5.90218e-06 0
0.00224082 9.97542e-06 0
0.0022407 1.40481e-05 0
0.00224058 1.81203e-05 0
0.00224045 2.21919e-05 0
0.00224032 2.62631e-05 0
0.00224019 3.03338e-05 0
0.00224005 3.44041e-05 0
0.00223992 3.84739e-05 0
0.00223978 4.25433e-05 0
0.00223963 4.66123e-05 0
0.00223949 5.0681e-05 0
0.00223934 5.47493e-05 0
0.00223918 5.88172e-05 0
0.00223903 6.28849e-05 0
0.00223887 6.69522e-05 0
0.00223871 7.10193e-05 0
0.00223854 7.50861e-05 0
0.00223838 7.91527e-05 0
0.00223821 8.3219e-05 0
0.00223803 8.72851e-05 0
0.00223786 9.13511e-05 0
0.00223768 9.54169e-05 0
0.0022375 9.94825e-05 0
0.00223731 0.000103548 0
0.00223712 0.000107613 0
0.00223693 0.000111679 0
0.00223674 0.000115744 0
0.00223654 0.000119809 0
0.00223634 0.000123874 0
0.00223614 0.000127939 0
0.00223593 0.000132004 0
0.00223572 0.00013607 0
0.00223551 0.000140135 0
0.0022353 0.0001442 0
0.00223508 0.000148265 0
0.00223486 0.000152331 0
0.00223464 0.000156396 0
0.00223441 0.000160462 0
0.00223418 0.000164528 0
0.00223395 0.000168594 0
0.00223371 0.00017266 0
0.00223347 0.000176726 0
0.00223323 0.000180793 0
0.00223299 0.00018486 0
0.00223274 0.000188927 0
0.00223249 0.000192994 0
0.00223224 0.000197062 0
0.00223198 0.00020113 0
0.00223172 0.000205198 0
0.00223146 0.000209267 0
0.00223119 0.000213336 0
0.00223092 0.000217406 0
0.00223065 0.000221476 0
0.00223038 0.000225546 0
0.0022301 0.000229617 0
0.00222982 0.000233688 0
0.00222953 0.00023776 0
0.00222925 0.000241832 0
0.00222896 0.000245905 0
0.00222866 0.000249978 0
0.00222837 0.000254052 0
0.00222807 0.000258126 0
0.00222777 0.000262202 0
0.00222746 0.000266277 0
0.00222715 0.000270354 0
0.00222684 0.00027443 0
0.00222653 0.000278508 0
0.00222621 0.000282586 0
0.00222589 0.000286666 0
0.00222557 0.000290745 0
0.00222524 0.000294826 0
0.00222491 0.000298907 0
0.00222458 0.000302989 0
0.00222424 0.000307072 0
0.0022239 0.000311156 0
0.00222356 0.00031524 0
0.00222322 0.000319326 0
0.00222287 0.000323412 0
0.00222251 0.000327499 0
0.00222216 0.000331587 0
0.0022218 0.000335676 0
0.00222144 0.000339766 0
0.00222108 0.000343857 0
0.00222071 0.000347949 0
0.00222034 0.000352042 0
0.00221996 0.000356136 0
0.00221959 0.000360231 0
0.00221921 0.000364327 0
0.00221882 0.000368424 0
0.00221844 0.000372523 0
0.00221805 0.000376622 0
0.00221765 0.000380723 0
0.00221726 0.000384824 0
0.00221686 0.000388927 0
0.00221645 0.000393031 0
0.00221605 0.000397136 0
0.00221564 0.000401243 0
0.00221522 0.000405351 0
0.00221481 0.00040946 0
0.00221439 0.00041357 0
0.00221397 0.000417681 0
0.00221354 0.000421794 0
0.00221311 0.000425909 0
0.00221268 0.000430024 0
0.00221224 0.000434141 0
0.0022118 0.000438259 0
0.00221136 0.000442379 0
0.00221091 0.0004465 0
0.00221047 0.000450623 0
0.00221001 0.000454747 0
0.00220956 0.000458873 0
0.0022091 0.000463 0
0.00220863 0.000467129 0
0.00220817 0.000471259 0
0.0022077 0.000475391 0
0.00220722 0.000479524 0
0.00220675 0.000483659 0
0.00220627 0.000487795 0
0.00220578 0.000491934 0
0.0022053 0.000496073 0
0.00220481 0.000500215 0
0.00220431 0.000504358 0
0.00220381 0.000508503 0
0.00220331 0.00051265 0
0.00220281 0.000516798 0
0.0022023 0.000520948 0
0.00220179 0.0005251 0
0.00220127 0.000529254 0
0.00220075 0.000533409 0
0.00220023 0.000537567 0
0.00219971 0.000541726 0
0.00219918 0.000545887 0
0.00219864 0.00055005 0
0.00219811 0.000554215 0
0.00219757 0.000558382 0
0.00219702 0.000562551 0
0.00219647 0.000566721 0
0.00219592 0.000570894 0
0.00219537 0.000575069 0
0.00219481 0.000579246 0
0.00219425 0.000583424 0
0.00219368 0.000587605 0
0.00219311 0.000591788 0
0.00219254 0.000595973 0
0.00219196 0.00060016 0
0.00219138 0.000604349 0
0.00219079 0.000608541 0
0.00219021 0.000612734 0
0.00218961 0.00061693 0
0.00218902 0.000621128 0
0.00218842 0.000625328 0
0.00218781 0.000629531 0
0.0021872 0.000633735 0
0.00218659 0.000637942 0
0.00218598 0.000642151 0
0.00218536 0.000646363 0
0.00218473 0.000650577 0
0.00218411 0.000654793 0
0.00218348 0.000659012 0
0.00218284 0.000663233 0
0.0021822 0.000667456 0
0.00218156 0.000671682 0
0.00218091 0.00067591 0
0.00218026 0.000680141 0
0.0021796 0.000684374 0
0.00217894 0.000688609 0
0.00217828 0.000692847 0
0.00217761 0.000697088 0
0.00217694 0.000701331 0
0.00217627 0.000705577 0
0.00217559 0.000709826 0
0.0021749 0.000714077 0
0.00217422 0.00071833 0
0.00217352 0.000722586 0
0.00217283 0.000726845 0
0.00217213 0.000731107 0
0.00217142 0.000735371 0
0.00217071 0.000739638 0
0.00217 0.000743908 0
0.00216928 0.00074818 0
0.00216856 0.000752455 0
0.00216784 0.000756733 0
0.00216711 0.000761014 0
0.00216637 0.000765298 0
0.00216563 0.000769584 0
0.00216489 0.000773873 0
0.00216414 0.000778166 0
0.00216339 0.000782461 0
0.00216263 0.000786759 0
0.00216187 0.00079106 0
0.00216111 0.000795363 0
0.00216034 0.00079967 0
0.00215956 0.00080398 0
0.00215878 0.000808293 0
0.002158 0.000812608 0
0.00215721 0.000816927 0
0.00215642 0.000821249 0
0.00215562 0.000825574 0
0.00215482 0.000829902 0
0.00215402 0.000834233 0
0.0021532 0.000838567 0
0.00215239 0.000842905 0
0.00215157 0.000847245 0
0.00215074 0.000851589 0
0.00214992 0.000855936 0
0.00214908 0.000860286 0
0.00214824 0.00086464 0
0.0021474 0.000868996 0
0.00214655 0.000873356 0
0.0021457 0.000877719 0
0.00214484 0.000882086 0
0.00214398 0.000886455 0
0.00214311 0.000890828 0
0.00214224 0.000895205 0
0.00214136 0.000899585 0
0.00214048 0.000903968 0
0.00213959 0.000908355 0
0.0021387 0.000912745 0
0.0021378 0.000917138 0
0.0021369 0.000921535 0
0.00213599 0.000925935 0
0.00213508 0.000930339 0
0.00213416 0.000934747 0
0.00213324 0.000939158 0
0.00213231 0.000943572 0
0.00213138 0.00094799 0
0.00213044 0.000952412 0
0.00212949 0.000956837 0
0.00212855 0.000961266 0
0.00212759 0.000965698 0
0.00212663 0.000970134 0
0.00212567 0.000974574 0
0.0021247 0.000979018 0
0.00212372 0.000983465 0
0.00212274 0.000987916 0
0.00212176 0.00099237 0
0.00212077 0.000996829 0
0.00211977 0.00100129 0
0.00211877 0.00100576 0
0.00211776 0.00101023 0
0.00211675 0.0010147 0
0.00211573 0.00101918 0
0.00211471 0.00102366 0
0.00211368 0.00102814 0
0.00211264 0.00103263 0
0.0021116 0.00103713 0
0.00211056 0.00104162 0
0.0021095 0.00104612 0
0.00210845 0.00105063 0
0.00210738 0.00105514 0
0.00210631 0.00105965 0
0.00210524 0.00106417 0
0.00210416 0.00106869 0
0.00210307 0.00107321 0
0.00210198 0.00107774 0
0.00210088 0.00108227 0
0.00209978 0.00108681 0
0.00209867 0.00109135 0
0.00209755 0.0010959 0
0.00209643 0.00110045 0
0.0020953 0.001105 0
0.00209417 0.00110956 0
0.00209303 0.00111412 0
0.00209188 0.00111869 0
0.00209073 0.00112326 0
0.00208957 0.00112783 0
0.00208841 0.00113241 0
0.00208724 0.00113699 0
0.00208606 0.00114158 0
0.00208487 0.00114617 0
0.00208369 0.00115077 0
0.00208249 0.00115537 0
0.00208129 0.00115997 0
0.00208008 0.00116458 0
0.00207886 0.0011692 0
0.00207764 0.00117382 0
0.00207641 0.00117844 0
0.00207518 0.00118306 0
0.00207394 0.0011877 0
0.00207269 0.00119233 0
0.00207144 0.00119697 0
0.00207018 0.00120162 0
0.00206891 0.00120627 0
0.00206763 0.00121092 0
0.00206635 0.00121558 0
0.00206506 0.00122024 0
0.00206377 0.00122491 0
0.00206247 0.00122958 0
0.00206116 0.00123426 0
0.00205985 0.00123894 0
0.00205852 0.00124363 0
0.0020572 0.00124832 0
0.00205586 0.00125301 0
0.00205452 0.00125771 0
0.00205317 0.00126242 0
0.00205181 0.00126713 0
0.00205045 0.00127184 0
0.00204907 0.00127656 0
0.0020477 0.00128128 0
0.00204631 0.00128601 0
0.00204492 0.00129074 0
0.00204352 0.00129548 0
0.00204211 0.00130023 0
0.00204069 0.00130497 0
0.00203927 0.00130973 0
0.00203784 0.00131448 0
0.00203641 0.00131925 0
0.00203496 0.00132401 0
0.00203351 0.00132879 0
0.00203205 0.00133356 0
0.00203058 0.00133835 0
0.00202911 0.00134313 0
0.00202762 0.00134792 0
0.00202613 0.00135272 0
0.00202464 0.00135752 0
0.00202313 0.00136233 0
0.00202162 0.00136714 0
0.00202009 0.00137196 0
0.00201856 0.00137678 0
0.00201703 0.00138161 0
0.00201548 0.00138644 0
0.00201393 0.00139128 0
0.00201237 0.00139612 0
0.0020108 0.00140097 0
0.00200922 0.00140582 0
0.00200763 0.00141068 0
0.00200604 0.00141554 0
0.00200444 0.00142041 0
0.00200283 0.00142529 0
0.00200121 0.00143016 0
0.00199958 0.00143505 0
0.00199794 0.00143994 0
0.0019963 0.00144483 0
0.00199465 0.00144973 0
0.00199299 0.00145464 0
0.00199132 0.00145955 0
0.00198964 0.00146446 0
0.00198795 0.00146938 0
0.00198625 0.00147431 0
0.00198455 0.00147924 0
0.00198284 0.00148418 0
0.00198111 0.00148912 0
0.00197938 0.00149407 0
0.00197764 0.00149902 0
0.00197589 0.00150398 0
0.00197413 0.00150895 0
0.00197237 0.00151392 0
0.00197059 0.00151889 0
0.00196881 0.00152387 0
0.00196701 0.00152886 0
0.00196521 0.00153385 0
0.00196339 0.00153884 0
0.00196157 0.00154385 0
0.00195974 0.00154885 0
0.0019579 0.00155387 0
0.00195605 0.00155889 0
0.00195419 0.00156391 0
0.00195232 0.00156894 0
0.00195044 0.00157398 0
0.00194855 0.00157902 0
0.00194665 0.00158406 0
0.00194474 0.00158912 0
0.00194283 0.00159417 0
0.0019409 0.00159924 0
0.00193896 0.00160431 0
0.00193701 0.00160938 0
0.00193505 0.00161446 0
